00 B1 00 00 00 00 00 00 00 00 00 00 R2 00 00 00
00 00 00 00 00 00 00 00 00 00 00 00 00 00 00 B2
00 00 N1 00 R1 00 00 K1 Q1 B1 N1 R1 00 N2 00 00
R1 00 00 00 P1 P1 P1 P1 P1 P1 P1 P1 00 00 00 00
00 00 R4 P4 00 00 00 00 00 00 00 00 P2 R2 00 00
00 00 N4 P4 00 00 00 00 00 00 00 00 P2 N2 00 00
00 00 B4 P4 00 00 00 00 00 00 00 00 P2 B2 00 00
00 00 Q4 P4 00 00 00 00 00 00 00 00 P2 K2 00 00
00 00 K4 P4 00 00 00 00 00 00 00 00 P2 Q2 00 00
00 00 B4 P4 00 00 00 00 00 00 00 00 P2 B2 00 00
00 00 N4 P4 00 00 00 00 00 00 00 00 P2 N2 00 00
00 00 R4 P4 00 00 00 00 00 00 00 00 P2 R2 00 00
00 00 00 00 P3 P3 P3 P3 P3 P3 P3 P3 00 00 00 R3
00 00 N4 00 R3 N3 B3 Q3 K3 B3 N3 R3 00 N3 00 00
B4 00 00 00 00 00 00 00 00 00 00 00 00 00 00 00
00 00 00 R4 00 00 00 00 00 00 00 00 00 00 B3 00